00000          01110011010
00001          10000011011
00010          11100110000
00011          10010010110
00100          00010100011
00101          01100101101
00110          00000001100
00111          01011011000
01000          10001010101
01001          10110110101
01010          10010010100
01011          01100100100
01100          10101110010
01101          10010101001
01110          11100000110
01111          00101110000
10000          10101110000
10001          00110101110
10010          10101111000
10011          01111000111
10100          11110111001
10101          11110001111
10110          00101111001
10111          01011100000
11000          11111101010
11001          11010001011
11010          10001001101
11011          00111110011
11100          01100000111
11101          00011101000
11110          01101001101
11111          11111111001