00000          00001111110
00001          00111110000
00010          00001001010
00011          01100111000
00100          01100110100
00101          11010011100
00110          11110011100
00111          00000000111
01000          10000001101
01001          01110101101
01010          10111011111
01011          01111100011
01100          00100000100
01101          00000001111
01110          01001100001
01111          10001001011
10000          10111111101
10001          10101011011
10010          01000000101
10011          11110100111
10100          10110100101
10101          10101100101
10110          00010111110
10111          01011001110
11000          00111001100
11001          00010001110
11010          01010110000
11011          10011010000
11100          00110100010
11101          10101000100
11110          10011101000
11111          11111111011